100010110000100101010100110100010100011100011110100111101100100101010101000000000000010111100010110011111111110010110001010111111101010011011010011011110001010110110000110111000001011001001101000100010110111101110010001100001001111001011101111111111111111111101101011111111111011010110101101011100000
100010110000100101010100110100010100011100100000101001100000001101111111000000110111100010001011001100100010011100000100010001100011010011110000001111000011011010101011110111100001010110101011011100001101100111111101101101101001011110110000000011011000111000101010100100001111011000011001111111111000
100010110000100101010100110100010100011100100010101111101000000000000110001111011010001000101010011110010110011100000001000000000011000011011000110010101001100010110001110011010110001001010110000010110010001100000010110001010010111101100011000000000101010011011110011001110010000000100111011111000100
100010110000100101010100110100010100011100100100110001010100011111111010100110011001010110101010011010100110011001010000100110101001100110101001110101010101100110011001100110100110100110011011100110011001001111010101100101011011111111001001111111111111111111111111010110000000000000000000000010001100
100010110000100101010100110100010100011100100110110111011100011100110110001101010101000001000000111111111111111111110111111111111111111111111111111111111111111111111111111111111111111111111111111111111111111111111111111111111111111111111111111111111111111111111111111111111010101010101010101010110100
100010110000100101010100110100010100011100101000100110010100100101010101000000000000010111100010110011111111110010110001010111111101010011011010011011110001010110110000110111000001011001001101000100010110111101110010001100001001111001011101111111111111111111101101011111111111011010110101101011100000
100010110000100101010100110100010100011100101010101011111100001101111111000000110111100010001011001100100010011100000100010001100011010011110000001111000011011010101011110111100001010110101011011100001101100111111101101101101001011110110000000011011000111000101010100100001111011000011001111111111000
100010110000100101010100110100010100011100101100101110001100000000000110001111011010001000101010011110010110011100000001000000000011000011011000110010101001100010110001110011010110001001010110000010110010001100000010110001010010111101100011000000000101010011011110011001110010000000100111011111000100
100010110000100101010100110100010100011100101110110011001000011110010101111000011000001100011110011101011100011000111000010001000000011010010111010101110111101111100011100010101101111001111000101010010111000010101010110111100000000010110010000000101010000000101011111100101010101010101010101010111100
100010110000100101010100110100010100011100110000110100111100010000001010101010101010101100101010101010101010101010111100101010101010101010101010111100101010101010101010101010111100101010101010101010101010111100101010101010101010101010111100101010101010101010101010111100101010101010101010101010111100
