 a0 a2 00 00 91 00 03 00 30 c9 16 e1 0a 2d 0b 2e 40 09 c4 20 44 07 14 20 27 14 60 01 76 fd 00 40 10 00 00 00 00 00 00 20 74 00 20 7e 05 02 00 07 00 00 40 01 99 60 0d b5 0d 20 39 e9 53 b0 b3
 a0 a2 00 00 92 00 03 00 15 12 93 e1 0a 49 09 13 40 0a 28 02 05 20 20 60 01 76 ff 20 e3 40 02 94 93 6e b0 b3
 a0 a2 00 00 96 00 03 00 15 d2 62 e1 0a 49 09 13 40 0a 28 09 03 20 20 60 01 76 f8 20 da 40 02 94 3b 71 b0 b3
 a0 a2 00 00 93 00 03 00 18 17 6f e1 0a 18 04 16 40 0a 28 01 01 02 00 01 00 00 00 20 e3 04 00 00 0e 05 01 b8 a6 b0 b3
 a0 a2 00 00 95 00 03 00 18 17 e7 e1 0a 18 04 16 40 0a 28 01 01 12 00 01 00 00 00 20 e0 04 00 00 0e 06 01 98 84 b0 b3
 a0 a2 00 00 97 00 03 00 18 d7 9e e1 0a 18 04 16 40 0a 28 01 01 09 00 01 00 00 00 20 da 04 00 00 0e 05 01 70 05 b0 b3
 a0 a2 00 01 0f 00 03 00 18 da be e1 0a 18 04 16 40 32 64 01 01 04 00 00 00 00 00 20 7c 03 00 00 1f 0a 01 8c 1f b0 b3
 a0 a2 00 00 01 ff ff 00 2d f9 e6 e1 09 58 00 2b 26 47 53 44 34 74 5f 34 2e 31 2e 31 2d 42 31 36 5f 31 31 39 37 31 31 39 20 30 31 2f 31 37 2f 32 30 31 32 20 30 31 37 00 ee ca b0 b3
 a0 a2 00 00 02 ff ff 00 0b 23 23 e1 09 58 02 09 04 52 56 44 53 00 cb d3 b0 b3
 a0 a2 00 00 03 ff ff 00 0f 20 1f e1 09 58 03 0d 05 47 53 44 34 54 00 40 04 01 ec 39 b0 b3
 a0 a2 00 00 04 ff ff 00 18 ee ea e1 09 58 04 16 07 31 30 39 20 4d 48 7a 00 08 44 69 73 61 62 6c 65 64 00 ce ba b0 b3
 a0 a2 00 00 05 ff ff 00 1e 2c 57 e1 09 58 05 1c 60 f9 c5 68 60 01 77 fa 40 0b b8 03 49 6e 74 00 60 01 c2 00 03 45 6e 62 00 fc 61 b0 b3
 a0 a2 00 00 06 00 00 00 05 03 53 e1 09 58 0c 03 58 5f b0 b3
 a0 a2 00 00 07 00 00 00 1e c8 2e e1 09 5e 09 1c 17 47 50 53 20 46 55 4c 4c 20 52 45 53 45 54 20 72 65 63 65 69 76 65 64 00 f7 70 b0 b3
 a0 a2 00 00 08 00 00 00 02 00 7b 81 02 21 e0 b0 b3
 a0 a2 00 00 09 00 00 00 1b 0a 87 e1 09 57 00 19 14 53 79 73 74 65 6d 20 52 65 73 65 74 20 43 6f 6d 6d 61 6e 64 00 10 03 b0 b3
 a0 a2 08 00 00 ff ff 00 11 e8 52 82 30 17 04 01 00 f9 c5 68 00 01 77 fa 00 00 00 04 46 c0 b0 b3
 a0 a2 00 00 01 ff ff 00 2d f9 e6 e1 09 58 00 2b 26 47 53 44 34 74 5f 34 2e 31 2e 31 2d 42 31 36 5f 31 31 39 37 31 31 39 20 30 31 2f 31 37 2f 32 30 31 32 20 30 31 37 00 ee ca b0 b3
 a0 a2 00 00 02 ff ff 00 0b 23 23 e1 09 58 02 09 04 52 56 44 53 00 cb d3 b0 b3
 a0 a2 00 00 03 ff ff 00 0f 20 1f e1 09 58 03 0d 05 47 53 44 34 54 00 40 04 01 ec 39 b0 b3
 a0 a2 00 00 04 ff ff 00 18 ee ea e1 09 58 04 16 07 31 30 39 20 4d 48 7a 00 08 44 69 73 61 62 6c 65 64 00 ce ba b0 b3
 a0 a2 00 00 05 ff ff 00 1e 2c 57 e1 09 58 05 1c 60 f9 c5 68 60 01 77 fa 40 0b b8 03 49 6e 74 00 60 01 c2 00 03 45 6e 62 00 fc 61 b0 b3
 a0 a2 00 00 06 ff ff 00 05 27 53 e1 09 58 0c 03 58 5f b0 b3
 a0 a2 00 00 07 00 00 00 00 c0 ae ff ff b0 b3
 a0 a2 00 00 02 00 01 00 0b c7 72 e1 09 58 02 09 04 52 56 44 53 00 cb d3 b0 b3
 a0 a2 00 00 03 00 01 00 0f c4 4e e1 09 58 03 0d 05 47 53 44 34 54 00 40 04 01 ec 39 b0 b3
 a0 a2 00 00 04 00 01 00 18 0a bb e1 09 58 04 16 07 31 30 39 20 4d 48 7a 00 08 44 69 73 61 62 6c 65 64 00 ce ba b0 b3
 a0 a2 00 00 05 00 01 00 1e c8 06 e1 09 58 05 1c 60 f9 c5 68 60 01 77 fa 40 0b b8 03 49 6e 74 00 60 01 c2 00 03 45 6e 62 00 fc 61 b0 b3
 a0 a2 00 00 06 00 01 00 05 c3 02 e1 09 58 0c 03 58 5f b0 b3
 a0 a2 00 00 07 00 01 00 00 00 ff ff ff b0 b3
 a0 a2 00 00 07 00 01 00 02 c1 7e 81 0a e7 e1 b0 b3
 a0 a2 00 00 02 00 01 00 0b c7 72 e1 09 58 02 09 04 52 56 44 53 00 cb d3 b0 b3
 a0 a2 00 00 03 00 01 00 0f c4 4e e1 09 58 03 0d 05 47 53 44 34 54 00 40 04 01 ec 39 b0 b3
 a0 a2 00 00 04 00 01 00 18 0a bb e1 09 58 04 16 07 31 30 39 20 4d 48 7a 00 08 44 69 73 61 62 6c 65 64 00 ce ba b0 b3
 a0 a2 00 00 05 00 01 00 1e c8 06 e1 09 58 05 1c 60 f9 c5 68 60 01 77 fa 40 0b b8 03 49 6e 74 00 60 01 c2 00 03 45 6e 62 00 fc 61 b0 b3
 a0 a2 00 00 06 00 01 00 05 c3 02 e1 09 58 0c 03 58 5f b0 b3
 a0 a2 00 00 07 00 01 00 02 c1 7e 81 0a e7 e1 b0 b3
 a0 a2 00 00 9a 00 03 00 85 bf 72 e1 0a 14 20 06 40 0b 5e 14 22 05 14 03 14 22 05 0a 03 14 22 05 04 03 14 22 05 17 05 14 22 05 14 05 14 22 05 14 05 14 22 05 04 04 14 22 05 13 05 14 22 05 13 05 14 22 05 0d 05 14 22 05 0d 05 14 22 05 1e 05 14 22 05 1e 05 14 22 05 1b 05 14 22 05 1b 05 14 22 05 1a 05 14 22 05 1a 05 14 22 05 16 05 14 22 05 16 05 14 22 05 15 05 14 22 05 1f 03 14 22 05 1f 04 14 22 05 15 05 14 22 05 12 05 14 22 05 12 05 ae cd b0 b3
 a0 a2 00 01 12 00 03 00 85 71 93 e1 0a 14 20 06 40 32 64 14 22 05 14 03 14 22 05 11 03 14 22 05 16 02 14 22 05 1b 02 14 22 05 12 02 14 22 05 12 02 14 22 05 16 02 14 22 05 16 02 14 22 05 16 02 14 22 05 16 02 14 22 05 16 02 14 22 05 06 02 14 22 05 06 02 14 22 05 06 02 14 22 05 16 02 14 22 05 16 02 14 22 05 06 02 14 22 05 06 02 14 22 05 1d 02 14 22 05 1d 02 14 22 05 13 02 14 22 05 16 02 14 22 05 16 02 14 22 05 13 02 14 22 05 1f 03 18 61 b0 b3
 a0 a2 00 02 fa 00 19 00 5d c8 d2 e1 0a 14 21 06 40 de 44 14 22 05 0e 02 14 22 05 0e 02 14 22 05 1a 02 14 22 05 1a 02 14 22 05 19 02 14 22 05 19 02 14 22 05 10 02 14 22 05 15 02 14 22 05 0e 02 14 22 05 0e 02 14 22 05 15 02 14 22 05 10 02 14 22 05 10 02 14 22 05 0e 02 14 22 05 0e 02 14 22 05 00 0f 14 22 05 19 0e cd 56 b0 b3
