<2014:06:24:16:21:34> GPS -> SET : SIRF_MSG_SSB_HARDWARE_CONFIG_REQ 00
<2014:06:24:16:21:34> SET -> GPS :SIRF_MSG_SSB_HW_CONFIG_RSP  74 06 00 00 00 84 b8 0d 00 75 f7 2a
<2014:06:24:16:21:34> SET -> GPS :SIRF_MSG_SSB_SET_STAT_NAV 01
<2014:06:24:16:21:34> SET -> GPS :SIRF_MSG_SSB_SESSION_OPENING_REQ 71
<2014:06:24:16:21:34> GPS -> SET :SIRF_MSG_SSB_APROX_MS_POS_REQ 00
<2014:06:24:16:21:34> SET -> GPS :SIRF_MSG_SSB_REJECT_IN --> SIRF_MSG_SSB_APROX_MS_POS_REQ 49 01 04
<2014:06:24:16:21:34> GPS -> SET :SIRF_MSG_SSB_SESSION_OPEN_RSP 00 00 00
<2014:06:24:16:21:34> SET -> GPS :SIRF_MSG_F_TIME_FREQ_APROX_POS_REQ 0d
<2014:06:24:16:21:34> SET -> GPS : SIRF_MSG_SSB_POS_REQ 00 00 01 62 07 f0 01 04
<2014:06:24:16:21:34> GPS -> SET :SIRF_MSG_SSB_TIME_TX_REQ 00
<2014:06:24:16:21:34> SET -> GPS :SIRF_MSG_SSB_REJECT_IN SIRF_MSG_SSB_REJ_NOT_READY TIME 49 02 04
<2014:06:24:16:21:34> GPS -> SET :SIRF_MSG_SSB_TIME_FREQ_APPROX_POS_RSP 3b 00 06 07 fe 6c 03 00 00 00 00 46 e2 00 00 00 db c3 61 0d f1 03 00 00 39 75 00 00 00 00 00 00 00 00 00 00
<2014:06:24:16:21:34> SET -> GPS :SIRF_MSG_SSB_EPH_REQ 00
<2014:06:24:16:21:34> GPS -> SET :SIRF_MSG_SSB_ACK_NACK_ERROR_OUT d2 00 00 00 00 00
<2014:06:24:16:21:34> GPS -> SET :SIRF_MSG_SSB_FREQ_TX_REQ 03
<2014:06:24:16:21:34> SET -> GPS :SIRF_MSG_SSB_FREQ_TX_REQ  REJ_NOT_AVAILABLE 49 03 04
<2014:06:24:16:21:34> GPS -> SET :SIRF_MSG_SSB_EPH_RSP 03 00 06 07 f5 41 22 00 03 02 20 00 00 00 00 00 00 00 00 00 00 00 00 00 02 03 06 07 7e 36 40 00 2f 00 18 00 00 00 00 00 00 00 00 00 00 00 00 00 04 01 06 07 7e 36 39 00 ff ff ff 00 05 06 00 00 00 00 00 00 5a 00 0a 00 06 01 06 07 7e 36 15 00 ff ff ff 00 00 00 00 00 00 00 00 00 00 00 00 00 00 00 00 00 00 00 00 00 00 00 00 00 00 00 00 00 00 00 00 00 00 00 00 00 0a 06 00 00 00 00 00 00 2b 00 05 00 00 00 00 00 00 00 00 00 00 00 00 00 0c 03 06 07 7e 36 0e 00 68 00 20 00 00 00 00 00 00 00 00 00 00 00 00 00 0e 03 06 07 7e 36 0b 00 e6 00 05 00 00 00 00 00 00 00 00 00 00 00 00 00 00 00 00 00 00 00 00 00 00 00 00 00 00 00 00 00 00 00 00 00 00 00 00 00 00 00 00 00 00 00 00 00 00 00 00 00 00 00 00 00 00 00 00 00 00 00 00 00 00 00 00 00 00 00 00 00 00 00 00 00 15 06 00 00 00 00 00 00 bf 00 15 00 00 00 00 00 00 00 00 00 00 00 00 00 00 00 00 00 00 00 00 00 00 00 00 00 18 01 06 07 7e 36 5c 00 ff ff ff 00 19 03 06 07 7e 36 0f 00 57 00 45 00 00 00 00 00 00 00 00 00 00 00 00 00 00 00 00 00 00 00 00 00 00 00 00 00 00 00 00 00 00 00 00 00 00 00 00 00 1d 03 06 07 40 38 27 00 22 01 4e 00 00 00 00 00 00 00 00 00 00 00 00 00 1f 03 06 07 7e 36 67 00 29 01 2e 00 00 00 00 00 00 00 00 00 00 00 00 00

<2014:06:24:16:21:46> GPS -> SET :OSP_POSITION_RESPONSE 00 01 00 01 01 00 06 07 32 f3 61 0d 91 be 2f 3e 20 37 3c 0b 1f d3 86 86 a9 15 81 00 03 00 a6 b2 00 be 34 1a 16 00 37 33 e8 6b 00 0f 05 1d 25 31 15 18 00 02 13 42 19 11 45 0e 10 4c 00 00 00 00 00 00 00 00 00 00 00 00 00 00 00 00 00 00 00 00 00 00 00 00 00 00 00 00 00 00 00 00 00 00 00 00
<2014:06:24:16:21:46> GPS -> SET :OSP_MEASURE_RESPONSE 00 01 04 00 00 00 00 00 00 00 00 00 00 00 00 00 00 00 00 00 00 00 00 00 00 00 00 00 00 00 00 00 00 00 00 00 00 00 00 00 00 00 00 00 00 00 00 00 00 00 00 00 00 00 00 00 00 00 00 00 00 00 00 00 00 00 00 00 00 00 00 00 00 00 00 00 00 00 00 00 00 00 00 00 00 00 00 00 00 00 00 00 00 00 00 00 00 00 00 00 00 00 00 00 00 00 00 00 00 00 00 00 00 00 00 00 00 00 00 00 00 00 00 00 00 00 00 00 00 00 00 00 00 00 00 00 00 00 00 00 00 00 00 00 00 00 00 00 00 00 00 00 00 00 00 00 00 00 00 00 00 00 00 00 00 00 00 00 00 00 00 00 00 00 00 00

<2014:06:24:16:21:47> GPS -> SET :OSP_POSITION_RESPONSE 00 01 00 01 01 00 06 07 1e f7 61 0d bb c0 2f 3e 87 35 3c 0b 1f d3 86 86 a8 15 82 00 07 00 8c bb 00 bf 34 1c 15 00 d0 33 e8 6b 00 0f 06 1d 25 31 15 18 00 02 13 42 19 11 45 0e 10 4c 0c 0e 4c 00 00 00 00 00 00 00 00 00 00 00 00 00 00 00 00 00 00 00 00 00 00 00 00 00 00 00 00 00 00 00 00 00
<2014:06:24:16:21:47> GPS -> SET :OSP_MEASURE_RESPONSE 00 01 04 00 00 00 00 00 00 00 00 00 00 00 00 00 00 00 00 00 00 00 00 00 00 00 00 00 00 00 00 00 00 00 00 00 00 00 00 00 00 00 00 00 00 00 00 00 00 00 00 00 00 00 00 00 00 00 00 00 00 00 00 00 00 00 00 00 00 00 00 00 00 00 00 00 00 00 00 00 00 00 00 00 00 00 00 00 00 00 00 00 00 00 00 00 00 00 00 00 00 00 00 00 00 00 00 00 00 00 00 00 00 00 00 00 00 00 00 00 00 00 00 00 00 00 00 00 00 00 00 00 00 00 00 00 00 00 00 00 00 00 00 00 00 00 00 00 00 00 00 00 00 00 00 00 00 00 00 00 00 00 00 00 00 00 00 00 00 00 00 00 00 00 00 00
<2014:06:24:16:21:48> GPS -> SET :OSP_POSITION_RESPONSE 00 01 00 01 01 00 06 07 07 fb 61 0d 9c c1 2f 3e f2 34 3c 0b 1f d4 86 86 ad 15 82 00 02 00 5a cb 00 c5 32 1f 14 00 35 34 e8 6b 00 0f 06 1d 25 31 15 18 00 02 13 42 19 11 44 0e 10 4c 0c 0f 4c 00 00 00 00 00 00 00 00 00 00 00 00 00 00 00 00 00 00 00 00 00 00 00 00 00 00 00 00 00 00 00 00 00
<2014:06:24:16:21:48> GPS -> SET :OSP_MEASURE_RESPONSE 00 01 00 00 06 07 00 00 07 fb 61 0d 01 06 1d 25 f2 f9 4a 03 79 03 00 23 15 18 6e c1 5a 02 37 02 00 2e 02 13 16 2f 40 00 ae 01 00 32 19 11 79 12 b4 02 d2 03 00 33 0e 10 c8 38 92 03 d3 02 00 33 0c 0f 58 33 2c 02 7a 02 00 34 00 00 00 00 00 00 00 00 00 00 00 00 00 00 00 00 00 00 00 00 00 00 00 00 00 00 00 00 00 00 00 00 00 00 00 00 00 00 00 00 00 00 00 00 00 00 00 00 00 00 00 00 00 00 00 00 00 00 00 00 00 00 00 00 00 00 00 00 00 00 00 00 00 00 00 00 00 00 00 00 00 00 00 00 00 00 00 00 00 00 00 00 00 00 00 00 00 00 00 00 00 00
<2014:06:24:16:21:49> GPS -> SET :OSP_POSITION_RESPONSE 00 01 00 01 01 00 06 07 ee fe 61 0d 97 c3 2f 3e 4d 34 3c 0b 1f d5 85 85 b2 15 82 00 04 00 dd ce 00 d0 33 27 14 00 c2 24 e8 6b 00 0f 06 1d 25 31 15 18 00 02 13 42 19 11 43 0e 10 4c 0c 0e 4b 00 00 00 00 00 00 00 00 00 00 00 00 00 00 00 00 00 00 00 00 00 00 00 00 00 00 00 00 00 00 00 00 00
<2014:06:24:16:21:49> GPS -> SET :OSP_MEASURE_RESPONSE 00 01 00 00 06 07 00 00 ee fe 61 0d 01 06 1d 25 f4 f9 4b 03 44 00 00 23 15 18 5d c1 5c 02 64 02 00 2e 02 13 21 2f 3e 00 86 03 00 32 19 11 50 12 b4 02 8b 01 00 33 0e 10 df 38 90 03 2e 03 00 33 0c 0e 6e 33 2a 02 9d 03 00 34 00 00 00 00 00 00 00 00 00 00 00 00 00 00 00 00 00 00 00 00 00 00 00 00 00 00 00 00 00 00 00 00 00 00 00 00 00 00 00 00 00 00 00 00 00 00 00 00 00 00 00 00 00 00 00 00 00 00 00 00 00 00 00 00 00 00 00 00 00 00 00 00 00 00 00 00 00 00 00 00 00 00 00 00 00 00 00 00 00 00 00 00 00 00 00 00 00 00 00 00 00 00
<2014:06:24:16:21:50> GPS -> SET :OSP_POSITION_RESPONSE 00 01 00 01 01 00 06 07 d2 02 62 0d 7e c5 2f 3e f8 33 3c 0b 1f d5 85 85 bb 15 81 00 07 00 de db 00 c7 31 23 14 00 c1 28 e8 6b 00 0f 06 1d 25 31 15 18 00 02 13 4c 19 11 43 0e 10 42 0c 0d 00 00 00 00 00 00 00 00 00 00 00 00 00 00 00 00 00 00 00 00 00 00 00 00 00 00 00 00 00 00 00 00 00 00
<2014:06:24:16:21:50> GPS -> SET :OSP_MEASURE_RESPONSE 00 01 00 00 06 07 00 00 d2 02 62 0d 01 06 1d 25 f7 f9 4b 03 16 01 00 23 15 18 5b c1 5e 02 a0 02 00 2e 02 13 0e 2f 3d 00 37 01 00 32 19 11 5d 12 b3 02 35 03 00 33 0e 10 d7 38 8e 03 89 03 00 33 0c 0d 84 33 29 02 e0 00 00 35 00 00 00 00 00 00 00 00 00 00 00 00 00 00 00 00 00 00 00 00 00 00 00 00 00 00 00 00 00 00 00 00 00 00 00 00 00 00 00 00 00 00 00 00 00 00 00 00 00 00 00 00 00 00 00 00 00 00 00 00 00 00 00 00 00 00 00 00 00 00 00 00 00 00 00 00 00 00 00 00 00 00 00 00 00 00 00 00 00 00 00 00 00 00 00 00 00 00 00 00 00 00
<2014:06:24:16:21:51> GPS -> SET :OSP_POSITION_RESPONSE 00 01 00 01 01 00 06 07 ba 06 62 0d b7 c7 2f 3e 9d 33 3c 0b 1f d5 85 85 b6 15 81 00 09 00 92 e1 00 c1 2f 1e 13 00 22 2b e8 6b 00 0f 06 1d 25 31 15 18 00 02 13 4b 19 11 43 0e 10 42 0c 0d 00 00 00 00 00 00 00 00 00 00 00 00 00 00 00 00 00 00 00 00 00 00 00 00 00 00 00 00 00 00 00 00 00 00
<2014:06:24:16:21:51> GPS -> SET :OSP_MEASURE_RESPONSE 00 01 00 00 06 07 00 00 ba 06 62 0d 01 06 1d 25 ff f9 4b 03 dc 01 00 23 15 18 65 c1 60 02 01 03 00 2e 02 13 12 2f 3b 00 13 03 00 32 19 11 97 12 b3 02 b4 00 00 33 0e 10 b8 38 8c 03 fc 03 00 33 0c 0d 8f 33 27 02 1f 02 00 35 00 00 00 00 00 00 00 00 00 00 00 00 00 00 00 00 00 00 00 00 00 00 00 00 00 00 00 00 00 00 00 00 00 00 00 00 00 00 00 00 00 00 00 00 00 00 00 00 00 00 00 00 00 00 00 00 00 00 00 00 00 00 00 00 00 00 00 00 00 00 00 00 00 00 00 00 00 00 00 00 00 00 00 00 00 00 00 00 00 00 00 00 00 00 00 00 00 00 00 00 00 00
<2014:06:24:16:21:52> GPS -> SET :OSP_POSITION_RESPONSE 00 01 00 01 01 00 06 07 a2 0a 62 0d 59 c8 2f 3e 5c 33 3c 0b 1f d6 84 84 b8 15 81 00 0b 00 bc e5 00 db 3a 31 13 00 c2 2c e8 6b 00 0f 07 1d 25 31 15 18 00 02 13 42 19 11 43 0e 11 4b 0c 0e 4a 1f 10 48 00 00 00 00 00 00 00 00 00 00 00 00 00 00 00 00 00 00 00 00 00 00 00 00 00 00 00 00 00 00
<2014:06:24:16:21:52> GPS -> SET :OSP_MEASURE_RESPONSE 00 01 00 00 06 07 00 00 a2 0a 62 0d 01 07 1d 25 02 fa 4b 03 b2 02 00 23 15 18 6b c1 62 02 65 03 00 2e 02 13 1d 2f 3a 00 97 00 00 32 0e 11 a9 38 8b 03 9e 00 00 33 19 11 6e 12 b2 02 3a 02 00 33 1f 10 18 e5 ab 02 53 02 00 33 0c 0e 72 33 25 02 80 03 00 34 00 00 00 00 00 00 00 00 00 00 00 00 00 00 00 00 00 00 00 00 00 00 00 00 00 00 00 00 00 00 00 00 00 00 00 00 00 00 00 00 00 00 00 00 00 00 00 00 00 00 00 00 00 00 00 00 00 00 00 00 00 00 00 00 00 00 00 00 00 00 00 00 00 00 00 00 00 00 00 00 00 00 00 00 00 00 00 00 00 00 00 00
<2014:06:24:16:21:53> GPS -> SET :OSP_POSITION_RESPONSE 00 01 00 01 01 00 06 07 8e 0e 62 0d 04 c9 2f 3e 04 33 3c 0b 1f d7 83 83 ba 15 80 00 0b 00 16 e3 00 e4 45 3b 12 00 f4 2d e8 6b 00 0f 07 1d 25 31 15 18 00 02 13 42 19 11 43 0e 12 4b 0c 0e 4a 1f 11 47 00 00 00 00 00 00 00 00 00 00 00 00 00 00 00 00 00 00 00 00 00 00 00 00 00 00 00 00 00 00
<2014:06:24:16:21:53> GPS -> SET :OSP_MEASURE_RESPONSE 00 01 00 00 06 07 00 00 8e 0e 62 0d 01 07 1d 25 01 fa 4b 03 80 03 00 23 15 18 63 c1 64 02 e1 03 00 2e 02 13 34 2f 38 00 57 02 00 32 0e 12 b7 38 89 03 f9 00 00 32 1f 11 26 e5 ac 02 2a 02 00 33 19 11 80 12 b1 02 d7 03 00 33 0c 0e 83 33 24 02 ab 00 00 34 00 00 00 00 00 00 00 00 00 00 00 00 00 00 00 00 00 00 00 00 00 00 00 00 00 00 00 00 00 00 00 00 00 00 00 00 00 00 00 00 00 00 00 00 00 00 00 00 00 00 00 00 00 00 00 00 00 00 00 00 00 00 00 00 00 00 00 00 00 00 00 00 00 00 00 00 00 00 00 00 00 00 00 00 00 00 00 00 00 00 00 00
<2014:06:24:16:21:54> GPS -> SET :OSP_POSITION_RESPONSE 00 01 00 01 01 00 06 07 38 12 62 0d f2 c9 2f 3e 7d 32 3c 0b 1f d7 83 83 b8 15 80 00 0c 00 9f e1 00 ea 55 4a 12 00 12 2f e8 6b 00 0f 07 1d 23 31 15 18 00 02 13 42 19 14 3f 0e 17 45 0c 0e 49 1f 10 47 00 00 00 00 00 00 00 00 00 00 00 00 00 00 00 00 00 00 00 00 00 00 00 00 00 00 00 00 00 00
<2014:06:24:16:21:54> GPS -> SET :OSP_MEASURE_RESPONSE 00 01 00 00 06 07 00 00 38 12 62 0d 01 07 1d 23 06 fa 4c 03 3d 00 00 26 15 18 7c c1 66 02 ac 03 00 2e 0e 17 bd 38 87 03 f4 01 00 2f 19 14 88 12 b1 02 6e 01 00 31 02 13 69 2f 37 00 6c 00 00 32 1f 10 1b e5 ad 02 ad 01 00 33 0c 0e 79 33 22 02 4e 02 00 34 00 00 00 00 00 00 00 00 00 00 00 00 00 00 00 00 00 00 00 00 00 00 00 00 00 00 00 00 00 00 00 00 00 00 00 00 00 00 00 00 00 00 00 00 00 00 00 00 00 00 00 00 00 00 00 00 00 00 00 00 00 00 00 00 00 00 00 00 00 00 00 00 00 00 00 00 00 00 00 00 00 00 00 00 00 00 00 00 00 00 00 00
